11111111111111111111111111111111
10000000000000000000000000000001
10000000000000000000000000011111
11111000000000000000000000011111
10000000000000000000000000011111
10000000000000000000000000000001
10000000000000000000000000000001
10000000000000000000000000000001
10000000000000000000000000000001
10000000000000000000000000000001
10000000000000000000000011000001
10000000000000000000000000000001
10000000000000000000000000000001
10000000000000000000000000000001
10000000000000000000000000000001
10000000000000000000000000000001
10000000000000000000000000000001
10000000000000000000000000000001
10011100000000000000000000000001
10011100000000000000000000000001
10000000000000000000000000000001
10000000000000000000000000000001
10000000000000000000000000000001
10000100000000000000000000000001
10000100000000000000000000000001
10000100000000000000000000000001
10000000000000000000011000000001
10000000000000000000011000000001
10000000000000000000011000000001
10000000000000000000000000000001
10000000000000000000000000000001
11111111111111111111111111111111